   0.000000000000000E+000   2.599999961256981E-001
   5.000000074505806E-002   2.199999967217446E-001
   1.000000014901161E-001   4.999999925494195E-001
   1.500000022351742E-001   4.799999928474427E-001
   2.000000029802322E-001   3.799999943375588E-001
   2.500000037252903E-001   1.799999973177910E-001
   3.000000044703484E-001   3.599999946355821E-001
   3.500000052154064E-001   4.599999931454660E-001
   4.000000059604645E-001   2.999999955296517E-001
   4.500000067055225E-001   2.599999961256981E-001
   5.000000074505806E-001   2.599999961256981E-001
   5.500000081956387E-001   2.199999967217446E-001
   6.000000089406967E-001   3.599999946355821E-001
   6.500000096857548E-001   2.799999958276749E-001
   7.000000104308128E-001   2.799999958276749E-001
   7.500000111758709E-001   4.399999934434892E-001
   8.000000119209290E-001   3.599999946355821E-001
   8.500000126659870E-001   2.599999961256981E-001
   9.000000134110451E-001   2.999999955296517E-001
   9.500000141561031E-001   2.399999964237214E-001
        1.000000014901161   3.599999946355821E-001
        1.050000015646219   3.799999943375588E-001
        1.100000016391277   3.399999949336053E-001
        1.150000017136335   2.599999961256981E-001
        1.200000017881393   2.199999967217446E-001
        1.250000018626452   1.799999973177910E-001
        1.300000019371510   2.799999958276749E-001
        1.350000020116568   3.799999943375588E-001
        1.400000020861626   3.999999940395356E-001
        1.450000021606684   3.999999940395356E-001
        1.500000022351742   5.799999913573266E-001
        1.550000023096800   2.599999961256981E-001
        1.600000023841858   2.599999961256981E-001
        1.650000024586916   3.599999946355821E-001
        1.700000025331974   2.599999961256981E-001
        1.750000026077032   1.599999976158142E-001
        1.800000026822090   2.599999961256981E-001
        1.850000027567148   2.799999958276749E-001
        1.900000028312206   3.199999952316285E-001
        1.950000029057264   2.199999967217446E-001
        2.000000029802322   3.199999952316285E-001
        2.050000030547380   2.799999958276749E-001
        2.100000031292439   2.799999958276749E-001
        2.150000032037497   2.799999958276749E-001
        2.200000032782555   2.399999964237214E-001
        2.250000033527613   2.999999955296517E-001
        2.300000034272671   3.999999940395356E-001
        2.350000035017729   2.999999955296517E-001
        2.400000035762787   4.199999937415124E-001
        2.450000036507845   4.999999925494195E-001
        2.500000037252903   3.799999943375588E-001
        2.550000037997961   4.799999928474427E-001
        2.600000038743019   2.799999958276749E-001
        2.650000039488077   2.199999967217446E-001
        2.700000040233135   2.599999961256981E-001
        2.750000040978193   1.599999976158142E-001
        2.800000041723251   2.599999961256981E-001
        2.850000042468309   3.599999946355821E-001
        2.900000043213368   1.799999973177910E-001
        2.950000043958426   1.999999970197678E-001
        3.000000044703484   2.199999967217446E-001
        3.050000045448542   2.399999964237214E-001
        3.100000046193600   3.399999949336053E-001
        3.150000046938658   3.799999943375588E-001
        3.200000047683716   2.399999964237214E-001
        3.250000048428774   3.999999940395356E-001
        3.300000049173832   4.199999937415124E-001
        3.350000049918890   3.799999943375588E-001
        3.400000050663948   3.199999952316285E-001
        3.450000051409006   2.999999955296517E-001
        3.500000052154064   2.199999967217446E-001
        3.550000052899122   1.999999970197678E-001
        3.600000053644180   2.599999961256981E-001
        3.650000054389238   2.599999961256981E-001
        3.700000055134296   1.599999976158142E-001
        3.750000055879355   1.799999973177910E-001
        3.800000056624413   2.799999958276749E-001
        3.850000057369471   2.599999961256981E-001
        3.900000058114529   3.999999940395356E-002
        3.950000058859587   2.599999961256981E-001
        4.000000059604645   2.999999955296517E-001
        4.050000060349703   1.599999976158142E-001
        4.100000061094761   2.799999958276749E-001
        4.150000061839819   2.999999955296517E-001
        4.200000062584877   2.399999964237214E-001
        4.250000063329935   3.199999952316285E-001
        4.300000064074993   4.399999934434892E-001
        4.350000064820051   3.799999943375588E-001
        4.400000065565109   9.999999850988391E-002
        4.450000066310167   3.199999952316285E-001
        4.500000067055225   2.799999958276749E-001
        4.550000067800283   2.199999967217446E-001
        4.600000068545342   1.999999970197678E-001
        4.650000069290400   2.799999958276749E-001
        4.700000070035458   2.799999958276749E-001
        4.750000070780516   1.999999970197678E-001
        4.800000071525574   3.199999952316285E-001
        4.850000072270632   1.799999973177910E-001
        4.900000073015690   2.199999967217446E-001
        4.950000073760748   2.799999958276749E-001
        5.000000074505806   3.599999946355821E-001
        5.050000075250864   3.399999949336053E-001
        5.100000075995922   3.199999952316285E-001
        5.150000076740980   3.199999952316285E-001
        5.200000077486038   3.999999940395356E-001
        5.250000078231096   2.599999961256981E-001
        5.300000078976154   3.999999940395356E-001
        5.350000079721212   2.199999967217446E-001
        5.400000080466270   1.799999973177910E-001
        5.450000081211329   2.999999955296517E-001
        5.500000081956387   3.399999949336053E-001
        5.550000082701445   3.199999952316285E-001
        5.600000083446503   3.199999952316285E-001
        5.650000084191561   2.999999955296517E-001
        5.700000084936619   1.999999970197678E-001
        5.750000085681677   2.399999964237214E-001
        5.800000086426735   3.199999952316285E-001
        5.850000087171793   3.999999940395356E-001
        5.900000087916851   3.799999943375588E-001
        5.950000088661909   3.999999940395356E-001
        6.000000089406967   3.999999940395356E-001
        6.050000090152025   3.199999952316285E-001
        6.100000090897083   2.999999955296517E-001
        6.150000091642141   3.399999949336053E-001
        6.200000092387199   2.599999961256981E-001
        6.250000093132258   1.199999982118607E-001
        6.300000093877316   1.599999976158142E-001
        6.350000094622374   2.199999967217446E-001
        6.400000095367432   2.999999955296517E-001
        6.450000096112490   2.199999967217446E-001
        6.500000096857548   3.199999952316285E-001
        6.550000097602606   3.799999943375588E-001
        6.600000098347664   4.399999934434892E-001
        6.650000099092722   3.599999946355821E-001
        6.700000099837780   3.999999940395356E-001
        6.750000100582838   3.199999952316285E-001
        6.800000101327896   2.199999967217446E-001
        6.850000102072954   1.399999979138375E-001
        6.900000102818012   2.399999964237214E-001
        6.950000103563070   2.599999961256981E-001
        7.000000104308128   3.199999952316285E-001
        7.050000105053186   3.599999946355821E-001
        7.100000105798245   1.599999976158142E-001
        7.150000106543303   3.599999946355821E-001
        7.200000107288361   2.799999958276749E-001
        7.250000108033419   1.999999970197678E-001
        7.300000108778477   2.199999967217446E-001
        7.350000109523535   1.799999973177910E-001
        7.400000110268593   2.799999958276749E-001
        7.450000111013651   1.599999976158142E-001
        7.500000111758709   2.599999961256981E-001
        7.550000112503767   1.599999976158142E-001
        7.600000113248825   2.599999961256981E-001
        7.650000113993883   4.199999937415124E-001
        7.700000114738941   2.599999961256981E-001
        7.750000115483999   3.199999952316285E-001
        7.800000116229057   3.599999946355821E-001
        7.850000116974115   2.599999961256981E-001
        7.900000117719173   2.399999964237214E-001
        7.950000118464232   5.599999916553499E-001
        8.000000119209290   3.999999940395356E-001
        8.050000119954348   4.399999934434892E-001
        8.100000120699406   3.999999940395356E-001
        8.150000121444464   3.199999952316285E-001
        8.200000122189522   2.999999955296517E-001
        8.250000122934580   2.599999961256981E-001
        8.300000123679638   2.999999955296517E-001
        8.350000124424696   2.399999964237214E-001
        8.400000125169754   2.999999955296517E-001
        8.450000125914812   2.599999961256981E-001
        8.500000126659870   2.199999967217446E-001
        8.550000127404928   2.399999964237214E-001
        8.600000128149986   1.799999973177910E-001
        8.650000128895044   3.599999946355821E-001
        8.700000129640102   2.599999961256981E-001
        8.750000130385160   2.799999958276749E-001
        8.800000131130219   2.199999967217446E-001
        8.850000131875277   3.199999952316285E-001
        8.900000132620335   1.799999973177910E-001
        8.950000133365393   2.799999958276749E-001
        9.000000134110451   2.199999967217446E-001
        9.050000134855509   3.799999943375588E-001
        9.100000135600567   2.599999961256981E-001
        9.150000136345625   3.199999952316285E-001
        9.200000137090683   1.599999976158142E-001
        9.250000137835741   2.399999964237214E-001
        9.300000138580799   2.799999958276749E-001
        9.350000139325857   2.399999964237214E-001
        9.400000140070915   3.599999946355821E-001
        9.450000140815973   3.999999940395356E-001
        9.500000141561031   1.399999979138375E-001
        9.550000142306089   2.399999964237214E-001
        9.600000143051148   3.199999952316285E-001
        9.650000143796206   3.199999952316285E-001
        9.700000144541264   1.799999973177910E-001
        9.750000145286322   2.599999961256981E-001
        9.800000146031380   1.599999976158142E-001
        9.850000146776438   3.399999949336053E-001
        9.900000147521496   4.799999928474427E-001
        9.950000148266554   3.399999949336053E-001
       10.000000149011610   2.999999955296517E-001
       10.050000149756670   2.999999955296517E-001
       10.100000150501730   2.599999961256981E-001
       10.150000151246790   2.399999964237214E-001
       10.200000151991840   3.799999943375588E-001
       10.250000152736900   2.799999958276749E-001
       10.300000153481960   1.999999970197678E-001
       10.350000154227020   3.199999952316285E-001
       10.400000154972080   2.399999964237214E-001
       10.450000155717130   2.599999961256981E-001
       10.500000156462190   2.999999955296517E-001
       10.550000157207250   2.399999964237214E-001
       10.600000157952310   2.399999964237214E-001
       10.650000158697370   2.799999958276749E-001
       10.700000159442430   3.999999940395356E-001
       10.750000160187480   3.799999943375588E-001
       10.800000160932540   2.999999955296517E-001
       10.850000161677600   3.999999940395356E-001
       10.900000162422660   4.799999928474427E-001
       10.950000163167720   4.599999931454660E-001
       11.000000163912770   6.399999904632570E-001
       11.050000164657830   1.999999970197678E-001
       11.100000165402890   3.599999946355821E-001
       11.150000166147950   2.199999967217446E-001
       11.200000166893010   2.799999958276749E-001
       11.250000167638060   3.999999940395356E-001
       11.300000168383120   2.599999961256981E-001
       11.350000169128180   3.199999952316285E-001
       11.400000169873240   3.199999952316285E-001
       11.450000170618300   2.399999964237214E-001
       11.500000171363350   2.799999958276749E-001
       11.550000172108410   2.999999955296517E-001
       11.600000172853470   3.399999949336053E-001
       11.650000173598530   2.199999967217446E-001
       11.700000174343590   2.399999964237214E-001
       11.750000175088640   2.199999967217446E-001
       11.800000175833700   2.199999967217446E-001
       11.850000176578760   2.999999955296517E-001
       11.900000177323820   3.199999952316285E-001
       11.950000178068880   2.799999958276749E-001
       12.000000178813930   3.199999952316285E-001
       12.050000179558990   2.999999955296517E-001
       12.100000180304050   2.799999958276749E-001
       12.150000181049110   4.599999931454660E-001
       12.200000181794170   3.999999940395356E-001
       12.250000182539230   2.999999955296517E-001
       12.300000183284280   1.999999970197678E-001
       12.350000184029340   1.999999970197678E-001
       12.400000184774400   2.399999964237214E-001
       12.450000185519460   2.599999961256981E-001
       12.500000186264520   2.799999958276749E-001
       12.550000187009570   3.599999946355821E-001
       12.600000187754630   1.599999976158142E-001
       12.650000188499690   3.599999946355821E-001
       12.700000189244750   2.999999955296517E-001
       12.750000189989810   2.599999961256981E-001
       12.800000190734860   2.199999967217446E-001
       12.850000191479920   2.199999967217446E-001
       12.900000192224980   3.399999949336053E-001
       12.950000192970040   2.199999967217446E-001
       13.000000193715100   2.199999967217446E-001
       13.050000194460150   3.399999949336053E-001
       13.100000195205210   3.799999943375588E-001
       13.150000195950270   3.399999949336053E-001
       13.200000196695330   4.799999928474427E-001
       13.250000197440390   5.399999919533731E-001
       13.300000198185440   3.999999940395356E-001
       13.350000198930500   3.199999952316285E-001
       13.400000199675560   2.199999967217446E-001
       13.450000200420620   2.799999958276749E-001
       13.500000201165680   4.199999937415124E-001
       13.550000201910730   2.399999964237214E-001
       13.600000202655790   2.999999955296517E-001
       13.650000203400850   1.799999973177910E-001
       13.700000204145910   2.199999967217446E-001
       13.750000204890970   9.999999850988391E-002
       13.800000205636020   1.799999973177910E-001
       13.850000206381080   2.999999955296517E-001
       13.900000207126140   1.599999976158142E-001
       13.950000207871200   1.999999970197678E-001
       14.000000208616260   3.199999952316285E-001
       14.050000209361320   2.599999961256981E-001
       14.100000210106370   3.599999946355821E-001
       14.150000210851430   3.599999946355821E-001
       14.200000211596490   2.599999961256981E-001
       14.250000212341550   3.199999952316285E-001
       14.300000213086610   2.799999958276749E-001
       14.350000213831660   2.999999955296517E-001
       14.400000214576720   3.799999943375588E-001
       14.450000215321780   2.599999961256981E-001
       14.500000216066840   3.599999946355821E-001
       14.550000216811900   3.399999949336053E-001
       14.600000217556950   1.999999970197678E-001
       14.650000218302010   1.999999970197678E-001
       14.700000219047070   1.799999973177910E-001
       14.750000219792130   3.399999949336053E-001
       14.800000220537190   2.399999964237214E-001
       14.850000221282240   1.799999973177910E-001
       14.900000222027300   3.799999943375588E-001
       14.950000222772360   3.199999952316285E-001
       15.000000223517420   2.599999961256981E-001
       15.050000224262480   1.799999973177910E-001
       15.100000225007530   3.799999943375588E-001
       15.150000225752590   3.399999949336053E-001
       15.200000226497650   3.199999952316285E-001
       15.250000227242710   2.599999961256981E-001
       15.300000227987770   2.599999961256981E-001
       15.350000228732820   4.999999925494195E-001
       15.400000229477880   3.999999940395356E-001
       15.450000230222940   2.599999961256981E-001
       15.500000230968000   2.599999961256981E-001
       15.550000231713060   5.999999910593034E-002
       15.600000232458120   2.199999967217446E-001
       15.650000233203170   2.399999964237214E-001
       15.700000233948230   1.599999976158142E-001
       15.750000234693290   2.799999958276749E-001
       15.800000235438350   2.599999961256981E-001
       15.850000236183410   2.999999955296517E-001
       15.900000236928460   3.799999943375588E-001
       15.950000237673520   2.399999964237214E-001
       16.000000238418580   2.999999955296517E-001
       16.050000239163640   1.799999973177910E-001
       16.100000239908700   1.999999970197678E-001
       16.150000240653750   3.199999952316285E-001
       16.200000241398810   3.199999952316285E-001
       16.250000242143870   3.199999952316285E-001
       16.300000242888930   4.199999937415124E-001
       16.350000243633990   3.199999952316285E-001
       16.400000244379040   3.799999943375588E-001
       16.450000245124100   2.199999967217446E-001
       16.500000245869160   1.599999976158142E-001
       16.550000246614220   3.399999949336053E-001
       16.600000247359280   2.599999961256981E-001
       16.650000248104330   1.399999979138375E-001
       16.700000248849390   2.799999958276749E-001
       16.750000249594450   1.799999973177910E-001
       16.800000250339510   3.599999946355821E-001
       16.850000251084570   3.799999943375588E-001
       16.900000251829620   3.599999946355821E-001
       16.950000252574680   3.199999952316285E-001
       17.000000253319740   4.599999931454660E-001
       17.050000254064800   2.599999961256981E-001
       17.100000254809860   3.199999952316285E-001
       17.150000255554910   4.199999937415124E-001
       17.200000256299970   4.599999931454660E-001
       17.250000257045030   2.799999958276749E-001
       17.300000257790090   3.799999943375588E-001
       17.350000258535150   3.599999946355821E-001
       17.400000259280210   2.799999958276749E-001
       17.450000260025260   2.399999964237214E-001
       17.500000260770320   2.199999967217446E-001
       17.550000261515380   2.399999964237214E-001
       17.600000262260440   2.399999964237214E-001
       17.650000263005500   2.999999955296517E-001
       17.700000263750550   2.199999967217446E-001
       17.750000264495610   2.399999964237214E-001
       17.800000265240670   1.399999979138375E-001
       17.850000265985730   3.799999943375588E-001
       17.900000266730790   4.399999934434892E-001
       17.950000267475840   1.799999973177910E-001
       18.000000268220900   1.999999970197678E-001
       18.050000268965960   2.399999964237214E-001
       18.100000269711020   3.199999952316285E-001
       18.150000270456080   2.999999955296517E-001
       18.200000271201130   3.599999946355821E-001
       18.250000271946190   1.799999973177910E-001
       18.300000272691250   2.399999964237214E-001
       18.350000273436310   2.999999955296517E-001
       18.400000274181370   2.999999955296517E-001
       18.450000274926420   2.399999964237214E-001
       18.500000275671480   3.599999946355821E-001
       18.550000276416540   2.599999961256981E-001
       18.600000277161600   2.599999961256981E-001
       18.650000277906660   2.599999961256981E-001
       18.700000278651710   3.599999946355821E-001
       18.750000279396770   1.999999970197678E-001
       18.800000280141830   1.999999970197678E-001
       18.850000280886890   1.599999976158142E-001
       18.900000281631950   2.599999961256981E-001
       18.950000282377010   3.799999943375588E-001
       19.000000283122060   4.399999934434892E-001
       19.050000283867120   2.599999961256981E-001
       19.100000284612180   2.999999955296517E-001
       19.150000285357240   3.399999949336053E-001
       19.200000286102300   4.599999931454660E-001
       19.250000286847350   2.999999955296517E-001
       19.300000287592410   3.799999943375588E-001
       19.350000288337470   3.399999949336053E-001
       19.400000289082530   2.599999961256981E-001
       19.450000289827590   2.599999961256981E-001
       19.500000290572640   2.399999964237214E-001
       19.550000291317700   4.799999928474427E-001
       19.600000292062760   3.399999949336053E-001
       19.650000292807820   2.199999967217446E-001
       19.700000293552880   1.999999970197678E-001
       19.750000294297930   3.799999943375588E-001
       19.800000295042990   2.799999958276749E-001
       19.850000295788050   2.399999964237214E-001
       19.900000296533110   2.199999967217446E-001
       19.950000297278170   3.399999949336053E-001
       20.000000298023220   2.199999967217446E-001
       20.050000298768280   1.999999970197678E-001
       20.100000299513340   2.999999955296517E-001
       20.150000300258400   3.599999946355821E-001
       20.200000301003460   1.199999982118607E-001
       20.250000301748510   1.999999970197678E-001
       20.300000302493570   2.399999964237214E-001
       20.350000303238630   2.199999967217446E-001
       20.400000303983690   3.599999946355821E-001
       20.450000304728750   3.599999946355821E-001
       20.500000305473800   4.199999937415124E-001
       20.550000306218860   3.399999949336053E-001
       20.600000306963920   1.799999973177910E-001
       20.650000307708980   2.799999958276749E-001
       20.700000308454040   3.599999946355821E-001
       20.750000309199100   3.599999946355821E-001
       20.800000309944150   3.799999943375588E-001
       20.850000310689210   4.599999931454660E-001
       20.900000311434270   2.999999955296517E-001
       20.950000312179330   1.999999970197678E-001
       21.000000312924390   4.199999937415124E-001
       21.050000313669440   2.799999958276749E-001
       21.100000314414500   3.399999949336053E-001
       21.150000315159560   3.599999946355821E-001
       21.200000315904620   3.599999946355821E-001
       21.250000316649680   3.399999949336053E-001
       21.300000317394730   3.599999946355821E-001
       21.350000318139790   3.799999943375588E-001
       21.400000318884850   3.199999952316285E-001
       21.450000319629910   1.199999982118607E-001
       21.500000320374970   1.999999970197678E-001
       21.550000321120020   2.199999967217446E-001
       21.600000321865080   1.799999973177910E-001
       21.650000322610140   3.599999946355821E-001
       21.700000323355200   3.199999952316285E-001
       21.750000324100260   2.199999967217446E-001
       21.800000324845310   3.599999946355821E-001
       21.850000325590370   2.999999955296517E-001
       21.900000326335430   2.599999961256981E-001
       21.950000327080490   3.199999952316285E-001
       22.000000327825550   3.199999952316285E-001
       22.050000328570600   3.999999940395356E-001
       22.100000329315660   2.399999964237214E-001
       22.150000330060720   1.799999973177910E-001
       22.200000330805780   3.599999946355821E-001
       22.250000331550840   4.199999937415124E-001
       22.300000332295900   4.799999928474427E-001
       22.350000333040950   3.199999952316285E-001
       22.400000333786010   2.599999961256981E-001
       22.450000334531070   2.599999961256981E-001
       22.500000335276130   5.199999922513963E-001
       22.550000336021190   2.399999964237214E-001
       22.600000336766240   2.999999955296517E-001
       22.650000337511300   3.399999949336053E-001
       22.700000338256360   2.199999967217446E-001
       22.750000339001420   2.799999958276749E-001
       22.800000339746480   4.399999934434892E-001
       22.850000340491530   1.799999973177910E-001
       22.900000341236590   3.199999952316285E-001
       22.950000341981650   3.399999949336053E-001
       23.000000342726710   3.599999946355821E-001
       23.050000343471770   3.799999943375588E-001
       23.100000344216820   1.999999970197678E-001
       23.150000344961880   2.199999967217446E-001
       23.200000345706940   2.199999967217446E-001
       23.250000346452000   1.599999976158142E-001
       23.300000347197060   4.199999937415124E-001
       23.350000347942110   2.599999961256981E-001
       23.400000348687170   2.399999964237214E-001
       23.450000349432230   3.199999952316285E-001
       23.500000350177290   2.399999964237214E-001
       23.550000350922350   1.799999973177910E-001
       23.600000351667400   4.399999934434892E-001
       23.650000352412460   3.599999946355821E-001
       23.700000353157520   3.999999940395356E-001
       23.750000353902580   3.599999946355821E-001
       23.800000354647640   3.399999949336053E-001
       23.850000355392690   3.399999949336053E-001
       23.900000356137750   3.799999943375588E-001
       23.950000356882810   3.399999949336053E-001
       24.000000357627870   1.799999973177910E-001
       24.050000358372930   3.799999943375588E-001
       24.100000359117990   2.199999967217446E-001
       24.150000359863040   3.399999949336053E-001
       24.200000360608100   2.799999958276749E-001
       24.250000361353160   2.199999967217446E-001
       24.300000362098220   2.399999964237214E-001
       24.350000362843280   2.399999964237214E-001
       24.400000363588330   2.199999967217446E-001
       24.450000364333390   1.799999973177910E-001
       24.500000365078450   4.599999931454660E-001
       24.550000365823510   3.999999940395356E-001
       24.600000366568570   3.599999946355821E-001
       24.650000367313620   3.599999946355821E-001
       24.700000368058680   1.999999970197678E-001
       24.750000368803740   1.399999979138375E-001
       24.800000369548800   1.799999973177910E-001
       24.850000370293860   1.799999973177910E-001
       24.900000371038910   2.399999964237214E-001
       24.950000371783970   2.599999961256981E-001
       25.000000372529030   4.999999925494195E-001
       25.050000373274090   4.199999937415124E-001
       25.100000374019150   5.199999922513963E-001
       25.150000374764200   3.199999952316285E-001
       25.200000375509260   2.999999955296517E-001
       25.250000376254320   2.599999961256981E-001
       25.300000376999380   2.599999961256981E-001
       25.350000377744440   1.799999973177910E-001
       25.400000378489490   2.999999955296517E-001
       25.450000379234550   1.599999976158142E-001
       25.500000379979610   2.199999967217446E-001
       25.550000380724670   1.399999979138375E-001
       25.600000381469730   1.199999982118607E-001
       25.650000382214790   1.999999970197678E-001
       25.700000382959840   9.999999850988391E-002
       25.750000383704900   1.599999976158142E-001
       25.800000384449960   2.199999967217446E-001
       25.850000385195020   1.799999973177910E-001
       25.900000385940080   2.399999964237214E-001
       25.950000386685130   2.799999958276749E-001
       26.000000387430190   2.799999958276749E-001
       26.050000388175250   4.599999931454660E-001
       26.100000388920310   2.399999964237214E-001
       26.150000389665370   5.199999922513963E-001
       26.200000390410420   4.199999937415124E-001
       26.250000391155480   3.199999952316285E-001
       26.300000391900540   2.599999961256981E-001
       26.350000392645600   3.599999946355821E-001
       26.400000393390660   3.799999943375588E-001
       26.450000394135710   2.399999964237214E-001
       26.500000394880770   3.399999949336053E-001
       26.550000395625830   2.799999958276749E-001
       26.600000396370890   2.799999958276749E-001
       26.650000397115950   1.999999970197678E-001
       26.700000397861000   1.999999970197678E-001
       26.750000398606060   1.599999976158142E-001
       26.800000399351120   2.599999961256981E-001
       26.850000400096180   1.999999970197678E-001
       26.900000400841240   3.799999943375588E-001
       26.950000401586290   2.999999955296517E-001
       27.000000402331350   4.199999937415124E-001
       27.050000403076410   3.999999940395356E-001
       27.100000403821470   3.399999949336053E-001
       27.150000404566530   4.199999937415124E-001
       27.200000405311580   6.199999907612802E-001
       27.250000406056640   3.999999940395356E-001
       27.300000406801700   2.199999967217446E-001
       27.350000407546760   3.999999940395356E-001
       27.400000408291820   2.399999964237214E-001
       27.450000409036880   3.599999946355821E-001
       27.500000409781930   3.199999952316285E-001
       27.550000410526990   2.599999961256981E-001
       27.600000411272050   2.199999967217446E-001
       27.650000412017110   1.399999979138375E-001
       27.700000412762170   2.399999964237214E-001
       27.750000413507220   1.999999970197678E-001
       27.800000414252280   1.799999973177910E-001
       27.850000414997340   3.599999946355821E-001
       27.900000415742400   3.399999949336053E-001
       27.950000416487460   3.799999943375588E-001
       28.000000417232510   2.599999961256981E-001
       28.050000417977570   5.199999922513963E-001
       28.100000418722630   3.799999943375588E-001
       28.150000419467690   3.399999949336053E-001
       28.200000420212750   2.399999964237214E-001
       28.250000420957800   2.799999958276749E-001
       28.300000421702860   2.799999958276749E-001
       28.350000422447920   4.999999925494195E-001
       28.400000423192980   1.799999973177910E-001
       28.450000423938040   4.399999934434892E-001
       28.500000424683090   1.799999973177910E-001
       28.550000425428150   2.999999955296517E-001
       28.600000426173210   9.999999850988391E-002
       28.650000426918270   2.599999961256981E-001
       28.700000427663330   2.999999955296517E-001
       28.750000428408380   1.799999973177910E-001
       28.800000429153440   1.999999970197678E-001
       28.850000429898500   2.799999958276749E-001
       28.900000430643560   2.399999964237214E-001
       28.950000431388620   2.599999961256981E-001
       29.000000432133680   1.999999970197678E-001
       29.050000432878730   2.399999964237214E-001
       29.100000433623790   2.599999961256981E-001
       29.150000434368850   2.799999958276749E-001
       29.200000435113910   2.999999955296517E-001
       29.250000435858970   1.799999973177910E-001
       29.300000436604020   2.799999958276749E-001
       29.350000437349080   3.199999952316285E-001
       29.400000438094140   3.599999946355821E-001
       29.450000438839200   4.199999937415124E-001
       29.500000439584260   1.799999973177910E-001
       29.550000440329310   3.799999943375588E-001
       29.600000441074370   1.799999973177910E-001
       29.650000441819430   2.399999964237214E-001
       29.700000442564490   2.399999964237214E-001
       29.750000443309550   2.599999961256981E-001
       29.800000444054600   1.799999973177910E-001
       29.850000444799660   2.799999958276749E-001
       29.900000445544720   2.999999955296517E-001
       29.950000446289780   2.999999955296517E-001
       30.000000447034840   3.599999946355821E-001
       30.050000447779890   2.799999958276749E-001
       30.100000448524950   4.799999928474427E-001
       30.150000449270010   3.399999949336053E-001
       30.200000450015070   4.799999928474427E-001
       30.250000450760130   3.599999946355821E-001
       30.300000451505180   4.199999937415124E-001
       30.350000452250240   4.599999931454660E-001
       30.400000452995300   4.399999934434892E-001
       30.450000453740360   2.599999961256981E-001
       30.500000454485420   2.799999958276749E-001
       30.550000455230470   1.799999973177910E-001
       30.600000455975530   3.199999952316285E-001
       30.650000456720590   3.599999946355821E-001
       30.700000457465650   2.199999967217446E-001
       30.750000458210710   1.999999970197678E-001
       30.800000458955770   2.799999958276749E-001
       30.850000459700820   2.399999964237214E-001
       30.900000460445880   4.999999925494195E-001
       30.950000461190940   2.399999964237214E-001
       31.000000461936000   2.199999967217446E-001
       31.050000462681060   2.799999958276749E-001
       31.100000463426110   1.599999976158142E-001
       31.150000464171170   1.399999979138375E-001
       31.200000464916230   2.199999967217446E-001
       31.250000465661290   2.999999955296517E-001
       31.300000466406350   3.599999946355821E-001
       31.350000467151400   1.799999973177910E-001
       31.400000467896460   3.399999949336053E-001
       31.450000468641520   1.599999976158142E-001
       31.500000469386580   3.399999949336053E-001
       31.550000470131640   1.999999970197678E-001
       31.600000470876690   3.799999943375588E-001
       31.650000471621750   5.199999922513963E-001
       31.700000472366810   2.399999964237214E-001
       31.750000473111870   3.199999952316285E-001
       31.800000473856930   3.199999952316285E-001
       31.850000474601980   2.199999967217446E-001
       31.900000475347040   4.599999931454660E-001
       31.950000476092100   2.799999958276749E-001
       32.000000476837160   3.799999943375588E-001
       32.050000477582220   4.999999925494195E-001
       32.100000478327270   1.999999970197678E-001
       32.150000479072330   2.799999958276749E-001
       32.200000479817390   2.799999958276749E-001
       32.250000480562450   5.399999919533731E-001
       32.300000481307510   1.999999970197678E-001
       32.350000482052570   3.199999952316285E-001
       32.400000482797620   2.799999958276749E-001
       32.450000483542680   2.799999958276749E-001
       32.500000484287740   4.399999934434892E-001
       32.550000485032800   4.799999928474427E-001
       32.600000485777860   4.399999934434892E-001
       32.650000486522910   2.599999961256981E-001
       32.700000487267970   2.399999964237214E-001
       32.750000488013030   2.599999961256981E-001
       32.800000488758090   3.199999952316285E-001
       32.850000489503150   4.599999931454660E-001
       32.900000490248200   3.199999952316285E-001
       32.950000490993260   3.199999952316285E-001
       33.000000491738320   1.799999973177910E-001
       33.050000492483380   2.799999958276749E-001
       33.100000493228440   2.399999964237214E-001
       33.150000493973490   2.599999961256981E-001
       33.200000494718550   2.799999958276749E-001
       33.250000495463610   1.199999982118607E-001
       33.300000496208670   3.199999952316285E-001
       33.350000496953730   2.799999958276749E-001
       33.400000497698780   3.599999946355821E-001
       33.450000498443840   3.799999943375588E-001
       33.500000499188900   3.399999949336053E-001
       33.550000499933960   2.799999958276749E-001
       33.600000500679020   2.999999955296517E-001
       33.650000501424070   2.999999955296517E-001
       33.700000502169130   1.399999979138375E-001
       33.750000502914190   2.399999964237214E-001
       33.800000503659250   2.399999964237214E-001
       33.850000504404310   2.799999958276749E-001
       33.900000505149360   2.799999958276749E-001
