   0.0000000000000000       0.27999999582767493     
   5.0000000745058060E-002  0.55999999165534986     
  0.10000000149011612       0.27999999582767493     
  0.15000000223517418       0.59999999105930346     
  0.20000000298023224       0.31999999523162848     
  0.25000000372529030       0.35999999463558208     
  0.30000000447034836       0.27999999582767493     
  0.35000000521540642       0.27999999582767493     
  0.40000000596046448       0.23999999642372136     
  0.45000000670552254       0.39999999403953562     
  0.50000000745058060       0.23999999642372136     
  0.55000000819563866       0.47999999284744271     
  0.60000000894069672       0.35999999463558208     
  0.65000000968575478       0.51999999225139626     
  0.70000001043081284       0.35999999463558208     
  0.75000001117587090       0.35999999463558208     
  0.80000001192092896       0.27999999582767493     
  0.85000001266598701       0.55999999165534986     
  0.90000001341104507       0.35999999463558208     
  0.95000001415610313       0.15999999761581424     
   1.0000000149011612       0.11999999821186068     
   1.0500000156462193       0.23999999642372136     
   1.1000000163912773       0.31999999523162848     
   1.1500000171363354       0.19999999701976781     
   1.2000000178813934       0.27999999582767493     
   1.2500000186264515       0.31999999523162848     
   1.3000000193715096       0.19999999701976781     
   1.3500000201165676        7.9999998807907119E-002
   1.4000000208616257       0.23999999642372136     
   1.4500000216066837       0.35999999463558208     
   1.5000000223517418       0.19999999701976781     
   1.5500000230967999       0.31999999523162848     
   1.6000000238418579       0.11999999821186068     
   1.6500000245869160       0.27999999582767493     
   1.7000000253319740       0.27999999582767493     
   1.7500000260770321       0.35999999463558208     
   1.8000000268220901       0.27999999582767493     
   1.8500000275671482       0.15999999761581424     
   1.9000000283122063       0.35999999463558208     
   1.9500000290572643       0.31999999523162848     
   2.0000000298023224       0.23999999642372136     
   2.0500000305473804       0.23999999642372136     
   2.1000000312924385       0.19999999701976781     
   2.1500000320374966       0.27999999582767493     
   2.2000000327825546       0.35999999463558208     
   2.2500000335276127       0.47999999284744271     
   2.3000000342726707       0.27999999582767493     
   2.3500000350177288       0.19999999701976781     
   2.4000000357627869       0.39999999403953562     
   2.4500000365078449       0.15999999761581424     
   2.5000000372529030       0.27999999582767493     
   2.5500000379979610       0.47999999284744271     
   2.6000000387430191       0.27999999582767493     
   2.6500000394880772       0.31999999523162848     
   2.7000000402331352       0.19999999701976781     
   2.7500000409781933       0.27999999582767493     
   2.8000000417232513       0.27999999582767493     
   2.8500000424683094       0.27999999582767493     
   2.9000000432133675       0.27999999582767493     
   2.9500000439584255       0.47999999284744271     
   3.0000000447034836       0.15999999761581424     
   3.0500000454485416       0.43999999344348917     
   3.1000000461935997       0.43999999344348917     
   3.1500000469386578       0.31999999523162848     
   3.2000000476837158       0.27999999582767493     
   3.2500000484287739       0.23999999642372136     
   3.3000000491738319       0.43999999344348917     
   3.3500000499188900       0.23999999642372136     
   3.4000000506639481       0.27999999582767493     
   3.4500000514090061       0.31999999523162848     
   3.5000000521540642       0.51999999225139626     
   3.5500000528991222       0.39999999403953562     
   3.6000000536441803       0.47999999284744271     
   3.6500000543892384       0.59999999105930346     
   3.7000000551342964       0.31999999523162848     
   3.7500000558793545       0.27999999582767493     
   3.8000000566244125       0.35999999463558208     
   3.8500000573694706       0.31999999523162848     
   3.9000000581145287       0.27999999582767493     
   3.9500000588595867       0.51999999225139626     
   4.0000000596046448       0.11999999821186068     
   4.0500000603497028       0.35999999463558208     
   4.1000000610947609       0.31999999523162848     
   4.1500000618398190       0.11999999821186068     
   4.2000000625848770       0.43999999344348917     
   4.2500000633299351       0.35999999463558208     
   4.3000000640749931       0.35999999463558208     
   4.3500000648200512       0.31999999523162848     
   4.4000000655651093       0.31999999523162848     
   4.4500000663101673       0.47999999284744271     
   4.5000000670552254       0.31999999523162848     
   4.5500000678002834       0.35999999463558208     
   4.6000000685453415       0.31999999523162848     
   4.6500000692903996       0.19999999701976781     
   4.7000000700354576       0.15999999761581424     
   4.7500000707805157       0.15999999761581424     
   4.8000000715255737       0.63999999046325695     
   4.8500000722706318       0.19999999701976781     
   4.9000000730156898       0.43999999344348917     
   4.9500000737607479       0.27999999582767493     
   5.0000000745058060       0.19999999701976781     
   5.0500000752508640       0.23999999642372136     
   5.1000000759959221       0.27999999582767493     
   5.1500000767409801       0.23999999642372136     
   5.2000000774860382       0.27999999582767493     
   5.2500000782310963       0.31999999523162848     
   5.3000000789761543       0.23999999642372136     
   5.3500000797212124        7.9999998807907119E-002
   5.4000000804662704       0.19999999701976781     
   5.4500000812113285       0.27999999582767493     
   5.5000000819563866       0.35999999463558208     
   5.5500000827014446       0.27999999582767493     
   5.6000000834465027       0.23999999642372136     
   5.6500000841915607       0.15999999761581424     
   5.7000000849366188       0.31999999523162848     
   5.7500000856816769       0.27999999582767493     
   5.8000000864267349       0.47999999284744271     
   5.8500000871717930       0.35999999463558208     
   5.9000000879168510       0.39999999403953562     
   5.9500000886619091       0.59999999105930346     
   6.0000000894069672       0.35999999463558208     
   6.0500000901520252       0.51999999225139626     
   6.1000000908970833       0.47999999284744271     
   6.1500000916421413       0.31999999523162848     
   6.2000000923871994       0.39999999403953562     
   6.2500000931322575       0.31999999523162848     
   6.3000000938773155       0.27999999582767493     
   6.3500000946223736       0.27999999582767493     
   6.4000000953674316       0.19999999701976781     
   6.4500000961124897       0.27999999582767493     
   6.5000000968575478       0.27999999582767493     
   6.5500000976026058       0.35999999463558208     
   6.6000000983476639       0.39999999403953562     
   6.6500000990927219       0.35999999463558208     
   6.7000000998377800       0.15999999761581424     
   6.7500001005828381       0.43999999344348917     
   6.8000001013278961       0.15999999761581424     
   6.8500001020729542       0.19999999701976781     
   6.9000001028180122       0.23999999642372136     
   6.9500001035630703       0.47999999284744271     
   7.0000001043081284       0.91999998629093194     
   7.0500001050531864       0.43999999344348917     
   7.1000001057982445       0.47999999284744271     
   7.1500001065433025       0.79999998807907124     
   7.2000001072883606       0.39999999403953562     
   7.2500001080334187       0.35999999463558208     
   7.3000001087784767       0.31999999523162848     
   7.3500001095235348       0.31999999523162848     
   7.4000001102685928       0.35999999463558208     
   7.4500001110136509       0.35999999463558208     
   7.5000001117587090       0.15999999761581424     
   7.5500001125037670       0.27999999582767493     
   7.6000001132488251       0.39999999403953562     
   7.6500001139938831       0.51999999225139626     
   7.7000001147389412       0.31999999523162848     
   7.7500001154839993       0.39999999403953562     
   7.8000001162290573       0.35999999463558208     
   7.8500001169741154       0.63999999046325695     
   7.9000001177191734       0.51999999225139626     
   7.9500001184642315       0.35999999463558208     
   8.0000001192092896       0.43999999344348917     
   8.0500001199543476       0.63999999046325695     
   8.1000001206994057       0.43999999344348917     
   8.1500001214444637       0.27999999582767493     
   8.2000001221895218       0.39999999403953562     
   8.2500001229345798       0.35999999463558208     
   8.3000001236796379       0.55999999165534986     
   8.3500001244246960       0.35999999463558208     
   8.4000001251697540       0.27999999582767493     
   8.4500001259148121       0.59999999105930346     
   8.5000001266598701       0.55999999165534986     
   8.5500001274049282       0.35999999463558208     
   8.6000001281499863       0.39999999403953562     
   8.6500001288950443       0.35999999463558208     
   8.7000001296401024       0.19999999701976781     
   8.7500001303851604       0.31999999523162848     
   8.8000001311302185       0.15999999761581424     
   8.8500001318752766       0.15999999761581424     
   8.9000001326203346       0.23999999642372136     
   8.9500001333653927       0.43999999344348917     
   9.0000001341104507       0.59999999105930346     
   9.0500001348555088       0.31999999523162848     
   9.1000001356005669       0.39999999403953562     
   9.1500001363456249       0.27999999582767493     
   9.2000001370906830       0.51999999225139626     
   9.2500001378357410       0.51999999225139626     
   9.3000001385807991       0.31999999523162848     
   9.3500001393258572       0.39999999403953562     
   9.4000001400709152       0.19999999701976781     
   9.4500001408159733       0.23999999642372136     
   9.5000001415610313       0.27999999582767493     
   9.5500001423060894       0.27999999582767493     
   9.6000001430511475       0.15999999761581424     
   9.6500001437962055       0.43999999344348917     
   9.7000001445412636       0.31999999523162848     
   9.7500001452863216       0.35999999463558208     
   9.8000001460313797       0.31999999523162848     
   9.8500001467764378       0.15999999761581424     
   9.9000001475214958       0.39999999403953562     
   9.9500001482665539       0.27999999582767493     
   10.000000149011612       0.27999999582767493     
   10.050000149756670       0.35999999463558208     
   10.100000150501728       0.39999999403953562     
   10.150000151246786       0.23999999642372136     
   10.200000151991844       0.23999999642372136     
   10.250000152736902       0.11999999821186068     
   10.300000153481960       0.11999999821186068     
   10.350000154227018       0.39999999403953562     
   10.400000154972076       0.39999999403953562     
   10.450000155717134       0.15999999761581424     
   10.500000156462193       0.27999999582767493     
   10.550000157207251       0.27999999582767493     
   10.600000157952309       0.27999999582767493     
   10.650000158697367       0.27999999582767493     
   10.700000159442425       0.51999999225139626     
   10.750000160187483       0.27999999582767493     
   10.800000160932541       0.11999999821186068     
   10.850000161677599       0.59999999105930346     
   10.900000162422657       0.39999999403953562     
   10.950000163167715       0.39999999403953562     
   11.000000163912773       0.15999999761581424     
   11.050000164657831       0.19999999701976781     
   11.100000165402889       0.31999999523162848     
   11.150000166147947       0.55999999165534986     
   11.200000166893005       0.27999999582767493     
   11.250000167638063       0.55999999165534986     
   11.300000168383121       0.23999999642372136     
   11.350000169128180       0.23999999642372136     
   11.400000169873238       0.23999999642372136     
   11.450000170618296       0.19999999701976781     
   11.500000171363354       0.27999999582767493     
   11.550000172108412       0.43999999344348917     
   11.600000172853470       0.55999999165534986     
   11.650000173598528       0.51999999225139626     
   11.700000174343586       0.23999999642372136     
   11.750000175088644       0.23999999642372136     
   11.800000175833702       0.23999999642372136     
   11.850000176578760       0.43999999344348917     
   11.900000177323818       0.23999999642372136     
   11.950000178068876       0.43999999344348917     
   12.000000178813934       0.19999999701976781     
   12.050000179558992       0.35999999463558208     
   12.100000180304050       0.19999999701976781     
   12.150000181049109        7.9999998807907119E-002
   12.200000181794167       0.35999999463558208     
   12.250000182539225       0.23999999642372136     
   12.300000183284283       0.19999999701976781     
   12.350000184029341       0.35999999463558208     
   12.400000184774399       0.35999999463558208     
   12.450000185519457       0.11999999821186068     
   12.500000186264515       0.43999999344348917     
   12.550000187009573       0.19999999701976781     
   12.600000187754631       0.27999999582767493     
   12.650000188499689       0.31999999523162848     
   12.700000189244747       0.23999999642372136     
   12.750000189989805       0.35999999463558208     
   12.800000190734863       0.23999999642372136     
   12.850000191479921       0.23999999642372136     
   12.900000192224979       0.23999999642372136     
   12.950000192970037       0.27999999582767493     
   13.000000193715096       0.35999999463558208     
   13.050000194460154       0.23999999642372136     
   13.100000195205212       0.35999999463558208     
   13.150000195950270       0.31999999523162848     
   13.200000196695328       0.31999999523162848     
   13.250000197440386       0.43999999344348917     
   13.300000198185444       0.31999999523162848     
   13.350000198930502       0.27999999582767493     
   13.400000199675560       0.23999999642372136     
   13.450000200420618       0.19999999701976781     
   13.500000201165676       0.35999999463558208     
   13.550000201910734       0.23999999642372136     
   13.600000202655792       0.31999999523162848     
   13.650000203400850       0.39999999403953562     
   13.700000204145908       0.31999999523162848     
   13.750000204890966       0.43999999344348917     
   13.800000205636024       0.23999999642372136     
   13.850000206381083       0.27999999582767493     
   13.900000207126141       0.43999999344348917     
   13.950000207871199       0.27999999582767493     
   14.000000208616257       0.23999999642372136     
   14.050000209361315       0.19999999701976781     
   14.100000210106373       0.15999999761581424     
   14.150000210851431       0.51999999225139626     
   14.200000211596489       0.23999999642372136     
   14.250000212341547       0.31999999523162848     
   14.300000213086605       0.15999999761581424     
   14.350000213831663       0.27999999582767493     
   14.400000214576721       0.47999999284744271     
   14.450000215321779       0.27999999582767493     
   14.500000216066837       0.47999999284744271     
   14.550000216811895       0.31999999523162848     
   14.600000217556953       0.59999999105930346     
   14.650000218302011       0.27999999582767493     
   14.700000219047070       0.11999999821186068     
   14.750000219792128       0.39999999403953562     
   14.800000220537186       0.19999999701976781     
   14.850000221282244       0.35999999463558208     
   14.900000222027302       0.15999999761581424     
   14.950000222772360       0.43999999344348917     
   15.000000223517418       0.35999999463558208     
   15.050000224262476       0.43999999344348917     
   15.100000225007534       0.23999999642372136     
   15.150000225752592       0.35999999463558208     
   15.200000226497650       0.31999999523162848     
   15.250000227242708       0.39999999403953562     
   15.300000227987766       0.35999999463558208     
   15.350000228732824       0.43999999344348917     
   15.400000229477882       0.35999999463558208     
   15.450000230222940       0.43999999344348917     
   15.500000230967999       0.39999999403953562     
   15.550000231713057       0.55999999165534986     
   15.600000232458115       0.23999999642372136     
   15.650000233203173       0.51999999225139626     
   15.700000233948231       0.43999999344348917     
   15.750000234693289       0.55999999165534986     
   15.800000235438347       0.23999999642372136     
   15.850000236183405       0.39999999403953562     
   15.900000236928463       0.39999999403953562     
   15.950000237673521       0.39999999403953562     
   16.000000238418579       0.39999999403953562     
   16.050000239163637       0.27999999582767493     
   16.100000239908695       0.43999999344348917     
   16.150000240653753       0.43999999344348917     
   16.200000241398811       0.31999999523162848     
   16.250000242143869       0.47999999284744271     
   16.300000242888927       0.55999999165534986     
   16.350000243633986       0.51999999225139626     
   16.400000244379044       0.31999999523162848     
   16.450000245124102       0.23999999642372136     
   16.500000245869160       0.31999999523162848     
   16.550000246614218       0.51999999225139626     
   16.600000247359276       0.19999999701976781     
   16.650000248104334        7.9999998807907119E-002
   16.700000248849392       0.39999999403953562     
   16.750000249594450       0.27999999582767493     
   16.800000250339508       0.35999999463558208     
   16.850000251084566       0.31999999523162848     
   16.900000251829624       0.23999999642372136     
   16.950000252574682       0.35999999463558208     
   17.000000253319740       0.43999999344348917     
   17.050000254064798        7.9999998807907119E-002
   17.100000254809856       0.35999999463558208     
   17.150000255554914       0.51999999225139626     
   17.200000256299973       0.35999999463558208     
   17.250000257045031       0.31999999523162848     
   17.300000257790089       0.23999999642372136     
   17.350000258535147       0.19999999701976781     
   17.400000259280205       0.19999999701976781     
   17.450000260025263       0.11999999821186068     
   17.500000260770321       0.15999999761581424     
   17.550000261515379       0.15999999761581424     
   17.600000262260437       0.19999999701976781     
   17.650000263005495       0.27999999582767493     
   17.700000263750553       0.47999999284744271     
   17.750000264495611       0.27999999582767493     
   17.800000265240669       0.47999999284744271     
   17.850000265985727       0.31999999523162848     
   17.900000266730785       0.35999999463558208     
   17.950000267475843       0.27999999582767493     
   18.000000268220901       0.47999999284744271     
   18.050000268965960       0.31999999523162848     
   18.100000269711018       0.31999999523162848     
   18.150000270456076       0.19999999701976781     
   18.200000271201134       0.27999999582767493     
   18.250000271946192       0.47999999284744271     
   18.300000272691250       0.59999999105930346     
   18.350000273436308       0.23999999642372136     
   18.400000274181366       0.23999999642372136     
   18.450000274926424       0.39999999403953562     
   18.500000275671482       0.31999999523162848     
   18.550000276416540       0.31999999523162848     
   18.600000277161598       0.39999999403953562     
   18.650000277906656       0.47999999284744271     
   18.700000278651714       0.31999999523162848     
   18.750000279396772       0.15999999761581424     
   18.800000280141830       0.35999999463558208     
   18.850000280886889       0.39999999403953562     
   18.900000281631947       0.51999999225139626     
   18.950000282377005       0.39999999403953562     
   19.000000283122063       0.47999999284744271     
   19.050000283867121       0.27999999582767493     
   19.100000284612179       0.47999999284744271     
   19.150000285357237       0.43999999344348917     
   19.200000286102295       0.39999999403953562     
   19.250000286847353       0.39999999403953562     
   19.300000287592411       0.35999999463558208     
   19.350000288337469       0.31999999523162848     
   19.400000289082527       0.31999999523162848     
   19.450000289827585       0.39999999403953562     
   19.500000290572643       0.39999999403953562     
   19.550000291317701       0.11999999821186068     
   19.600000292062759       0.31999999523162848     
   19.650000292807817       0.11999999821186068     
   19.700000293552876       0.31999999523162848     
   19.750000294297934       0.15999999761581424     
   19.800000295042992       0.35999999463558208     
   19.850000295788050       0.27999999582767493     
   19.900000296533108       0.27999999582767493     
   19.950000297278166       0.27999999582767493     
   20.000000298023224       0.27999999582767493     
   20.050000298768282       0.47999999284744271     
   20.100000299513340       0.31999999523162848     
   20.150000300258398       0.43999999344348917     
   20.200000301003456       0.43999999344348917     
   20.250000301748514       0.75999998867511764     
   20.300000302493572       0.55999999165534986     
   20.350000303238630       0.43999999344348917     
   20.400000303983688       0.51999999225139626     
   20.450000304728746       0.31999999523162848     
   20.500000305473804       0.23999999642372136     
   20.550000306218863       0.31999999523162848     
   20.600000306963921       0.11999999821186068     
   20.650000307708979       0.27999999582767493     
   20.700000308454037       0.43999999344348917     
   20.750000309199095       0.31999999523162848     
   20.800000309944153       0.35999999463558208     
   20.850000310689211       0.47999999284744271     
   20.900000311434269       0.31999999523162848     
   20.950000312179327       0.47999999284744271     
   21.000000312924385       0.27999999582767493     
   21.050000313669443       0.31999999523162848     
   21.100000314414501       0.27999999582767493     
   21.150000315159559       0.11999999821186068     
   21.200000315904617       0.39999999403953562     
   21.250000316649675       0.55999999165534986     
   21.300000317394733       0.27999999582767493     
   21.350000318139791       0.27999999582767493     
   21.400000318884850       0.43999999344348917     
   21.450000319629908       0.51999999225139626     
   21.500000320374966       0.35999999463558208     
   21.550000321120024       0.27999999582767493     
   21.600000321865082       0.39999999403953562     
   21.650000322610140       0.35999999463558208     
   21.700000323355198       0.35999999463558208     
   21.750000324100256       0.15999999761581424     
   21.800000324845314       0.39999999403953562     
   21.850000325590372       0.51999999225139626     
   21.900000326335430       0.39999999403953562     
   21.950000327080488       0.31999999523162848     
   22.000000327825546       0.35999999463558208     
   22.050000328570604       0.39999999403953562     
   22.100000329315662       0.15999999761581424     
   22.150000330060720       0.11999999821186068     
   22.200000330805779       0.35999999463558208     
   22.250000331550837       0.15999999761581424     
   22.300000332295895       0.19999999701976781     
   22.350000333040953       0.15999999761581424     
   22.400000333786011       0.31999999523162848     
   22.450000334531069       0.35999999463558208     
   22.500000335276127       0.11999999821186068     
   22.550000336021185        7.9999998807907119E-002
   22.600000336766243       0.19999999701976781     
   22.650000337511301       0.15999999761581424     
   22.700000338256359       0.27999999582767493     
   22.750000339001417       0.35999999463558208     
   22.800000339746475       0.55999999165534986     
   22.850000340491533       0.39999999403953562     
   22.900000341236591       0.27999999582767493     
   22.950000341981649       0.31999999523162848     
   23.000000342726707       0.19999999701976781     
   23.050000343471766       0.23999999642372136     
   23.100000344216824       0.23999999642372136     
   23.150000344961882       0.23999999642372136     
   23.200000345706940       0.15999999761581424     
   23.250000346451998       0.23999999642372136     
   23.300000347197056       0.23999999642372136     
   23.350000347942114       0.51999999225139626     
   23.400000348687172       0.39999999403953562     
   23.450000349432230       0.43999999344348917     
   23.500000350177288       0.15999999761581424     
   23.550000350922346       0.31999999523162848     
   23.600000351667404       0.19999999701976781     
   23.650000352412462       0.15999999761581424     
   23.700000353157520       0.27999999582767493     
   23.750000353902578       0.27999999582767493     
   23.800000354647636       0.35999999463558208     
   23.850000355392694       0.47999999284744271     
   23.900000356137753       0.47999999284744271     
   23.950000356882811       0.15999999761581424     
   24.000000357627869       0.23999999642372136     
   24.050000358372927        7.9999998807907119E-002
   24.100000359117985       0.27999999582767493     
   24.150000359863043       0.15999999761581424     
   24.200000360608101       0.31999999523162848     
   24.250000361353159       0.31999999523162848     
   24.300000362098217       0.31999999523162848     
   24.350000362843275       0.43999999344348917     
   24.400000363588333       0.31999999523162848     
   24.450000364333391       0.39999999403953562     
   24.500000365078449       0.27999999582767493     
   24.550000365823507       0.27999999582767493     
   24.600000366568565       0.43999999344348917     
   24.650000367313623       0.35999999463558208     
   24.700000368058681       0.43999999344348917     
   24.750000368803740       0.27999999582767493     
   24.800000369548798       0.43999999344348917     
   24.850000370293856       0.39999999403953562     
   24.900000371038914       0.39999999403953562     
   24.950000371783972       0.43999999344348917     
   25.000000372529030       0.11999999821186068     
   25.050000373274088       0.27999999582767493     
   25.100000374019146       0.15999999761581424     
   25.150000374764204       0.19999999701976781     
   25.200000375509262       0.35999999463558208     
   25.250000376254320       0.27999999582767493     
   25.300000376999378       0.23999999642372136     
   25.350000377744436       0.35999999463558208     
   25.400000378489494       0.15999999761581424     
   25.450000379234552       0.51999999225139626     
   25.500000379979610       0.23999999642372136     
   25.550000380724669       0.23999999642372136     
   25.600000381469727       0.31999999523162848     
   25.650000382214785       0.35999999463558208     
   25.700000382959843       0.31999999523162848     
   25.750000383704901       0.47999999284744271     
   25.800000384449959       0.39999999403953562     
   25.850000385195017       0.39999999403953562     
   25.900000385940075       0.35999999463558208     
   25.950000386685133       0.55999999165534986     
   26.000000387430191       0.51999999225139626     
   26.050000388175249       0.11999999821186068     
   26.100000388920307       0.39999999403953562     
   26.150000389665365       0.39999999403953562     
   26.200000390410423       0.31999999523162848     
   26.250000391155481       0.35999999463558208     
   26.300000391900539       0.47999999284744271     
   26.350000392645597       0.67999998986721055     
   26.400000393390656       0.51999999225139626     
   26.450000394135714       0.35999999463558208     
   26.500000394880772       0.43999999344348917     
   26.550000395625830       0.23999999642372136     
   26.600000396370888       0.39999999403953562     
   26.650000397115946       0.11999999821186068     
   26.700000397861004       0.11999999821186068     
   26.750000398606062       0.27999999582767493     
   26.800000399351120       0.27999999582767493     
   26.850000400096178       0.19999999701976781     
   26.900000400841236       0.31999999523162848     
   26.950000401586294       0.23999999642372136     
   27.000000402331352       0.47999999284744271     
   27.050000403076410       0.39999999403953562     
   27.100000403821468       0.31999999523162848     
   27.150000404566526       0.59999999105930346     
   27.200000405311584       0.27999999582767493     
   27.250000406056643       0.39999999403953562     
   27.300000406801701       0.63999999046325695     
   27.350000407546759       0.39999999403953562     
   27.400000408291817       0.35999999463558208     
   27.450000409036875       0.67999998986721055     
   27.500000409781933       0.31999999523162848     
   27.550000410526991       0.51999999225139626     
   27.600000411272049       0.23999999642372136     
   27.650000412017107       0.43999999344348917     
   27.700000412762165       0.23999999642372136     
   27.750000413507223       0.51999999225139626     
   27.800000414252281       0.35999999463558208     
   27.850000414997339       0.43999999344348917     
   27.900000415742397       0.35999999463558208     
   27.950000416487455       0.19999999701976781     
   28.000000417232513       0.39999999403953562     
   28.050000417977571       0.23999999642372136     
   28.100000418722630       0.63999999046325695     
   28.150000419467688       0.39999999403953562     
   28.200000420212746       0.15999999761581424     
   28.250000420957804       0.19999999701976781     
   28.300000421702862       0.19999999701976781     
   28.350000422447920       0.19999999701976781     
   28.400000423192978        7.9999998807907119E-002
   28.450000423938036       0.31999999523162848     
   28.500000424683094       0.47999999284744271     
   28.550000425428152       0.19999999701976781     
   28.600000426173210       0.35999999463558208     
   28.650000426918268       0.27999999582767493     
   28.700000427663326       0.43999999344348917     
   28.750000428408384       0.47999999284744271     
   28.800000429153442       0.47999999284744271     
   28.850000429898500       0.55999999165534986     
   28.900000430643559       0.11999999821186068     
   28.950000431388617       0.27999999582767493     
   29.000000432133675       0.15999999761581424     
   29.050000432878733       0.11999999821186068     
   29.100000433623791       0.23999999642372136     
   29.150000434368849       0.51999999225139626     
   29.200000435113907       0.15999999761581424     
   29.250000435858965       0.31999999523162848     
   29.300000436604023       0.39999999403953562     
   29.350000437349081       0.31999999523162848     
   29.400000438094139       0.51999999225139626     
   29.450000438839197       0.27999999582767493     
   29.500000439584255       0.31999999523162848     
   29.550000440329313       0.31999999523162848     
   29.600000441074371       0.31999999523162848     
   29.650000441819429       0.39999999403953562     
   29.700000442564487       0.39999999403953562     
   29.750000443309546       0.59999999105930346     
   29.800000444054604       0.35999999463558208     
   29.850000444799662       0.39999999403953562     
   29.900000445544720       0.27999999582767493     
