   0.000000000000000E+000   1.735999974131585E-001
   5.000000074505806E-002   1.567999976634980E-001
   1.000000014901161E-001   1.659999975264073E-001
   1.500000022351742E-001   1.615999975919724E-001
   2.000000029802322E-001   1.651999975383282E-001
   2.500000037252903E-001   1.607999976038933E-001
   3.000000044703484E-001   1.655999975323677E-001
   3.500000052154064E-001   1.539999977052212E-001
   4.000000059604645E-001   1.371999979555607E-001
   4.500000067055225E-001   1.275999980986119E-001
   5.000000074505806E-001   1.343999979972840E-001
   5.500000081956387E-001   1.463999978184701E-001
   6.000000089406967E-001   1.375999979496003E-001
   6.500000096857548E-001   1.431999978661538E-001
   7.000000104308128E-001   1.423999978780747E-001
   7.500000111758709E-001   1.439999978542328E-001
   8.000000119209290E-001   1.415999978899956E-001
   8.500000126659870E-001   1.635999975621701E-001
   9.000000134110451E-001   1.411999978959561E-001
   9.500000141561031E-001   1.595999976217747E-001
        1.000000014901161   1.447999978423119E-001
        1.050000015646219   1.551999976873398E-001
        1.100000016391277   1.555999976813794E-001
        1.150000017136335   1.551999976873398E-001
        1.200000017881393   1.519999977350235E-001
        1.250000018626452   1.615999975919724E-001
        1.300000019371510   1.515999977409840E-001
        1.350000020116568   1.535999977111817E-001
        1.400000020861626   1.647999975442887E-001
        1.450000021606684   1.747999973952771E-001
        1.500000022351742   1.687999974846840E-001
        1.550000023096800   1.727999974250794E-001
        1.600000023841858   1.707999974548817E-001
        1.650000024586916   1.855999972343445E-001
        1.700000025331974   1.711999974489213E-001
        1.750000026077032   1.823999972820282E-001
        1.800000026822090   1.839999972581864E-001
        1.850000027567148   1.855999972343445E-001
        1.900000028312206   1.859999972283841E-001
        1.950000029057264   1.963999970734120E-001
        2.000000029802322   1.875999972045422E-001
        2.050000030547380   1.899999971687794E-001
        2.100000031292439   2.315999965488911E-001
        2.150000032037497   2.223999966859818E-001
        2.200000032782555   2.427999963819981E-001
        2.250000033527613   2.471999963164330E-001
        2.300000034272671   2.483999962985516E-001
        2.350000035017729   2.467999963223935E-001
        2.400000035762787   2.675999960124493E-001
        2.450000036507845   2.791999958395959E-001
        2.500000037252903   2.767999958753586E-001
        2.550000037997961   2.803999958217145E-001
        2.600000038743019   2.907999956667424E-001
        2.650000039488077   2.971999955713749E-001
        2.700000040233135   3.159999952912331E-001
        2.750000040978193   2.867999957263470E-001
        2.800000041723251   3.191999952435494E-001
        2.850000042468309   3.295999950885774E-001
        2.900000043213368   3.415999949097634E-001
        2.950000043958426   3.567999946832658E-001
        3.000000044703484   3.507999947726727E-001
        3.050000045448542   3.539999947249890E-001
        3.100000046193600   3.707999944746495E-001
        3.150000046938658   3.811999943196774E-001
        3.200000047683716   3.695999944925309E-001
        3.250000048428774   3.943999941229821E-001
        3.300000049173832   4.027999939978124E-001
        3.350000049918890   4.083999939143659E-001
        3.400000050663948   4.307999935805799E-001
        3.450000051409006   4.663999930500986E-001
        3.500000052154064   4.383999934673311E-001
        3.550000052899122   4.443999933779241E-001
        3.600000053644180   4.523999932587148E-001
        3.650000054389238   4.679999930262567E-001
        3.700000055134296   4.667999930441381E-001
        3.750000055879355   4.787999928653242E-001
        3.800000056624413   4.887999927163125E-001
        3.850000057369471   4.739999929368497E-001
        3.900000058114529   4.659999930560590E-001
        3.950000058859587   5.143999923348428E-001
        4.000000059604645   5.151999923229219E-001
        4.050000060349703   5.271999921441080E-001
        4.100000061094761   5.455999918699266E-001
        4.150000061839819   5.247999921798707E-001
        4.200000062584877   5.219999922215940E-001
        4.250000063329935   5.323999920666219E-001
        4.300000064074993   5.243999921858312E-001
        4.350000064820051   5.247999921798707E-001
        4.400000065565109   5.215999922275545E-001
        4.450000066310167   5.199999922513963E-001
        4.500000067055225   5.555999917209150E-001
        4.550000067800283   5.455999918699266E-001
        4.600000068545342   5.459999918639661E-001
        4.650000069290400   5.539999917447568E-001
        4.700000070035458   5.907999911963942E-001
        4.750000070780516   5.503999917984010E-001
        4.800000071525574   5.851999912798406E-001
        4.850000072270632   5.819999913275243E-001
        4.900000073015690   5.767999914050104E-001
        4.950000073760748   5.639999915957452E-001
        5.000000074505806   5.927999911665918E-001
        5.050000075250864   5.979999910891057E-001
        5.100000075995922   5.827999913156033E-001
        5.150000076740980   5.927999911665918E-001
        5.200000077486038   6.251999906837942E-001
        5.250000078231096   6.127999908685685E-001
        5.300000078976154   6.327999905705454E-001
        5.350000079721212   6.131999908626081E-001
        5.400000080466270   5.887999912261964E-001
        5.450000081211329   6.031999910116197E-001
        5.500000081956387   5.871999912500383E-001
        5.550000082701445   6.011999910414221E-001
        5.600000083446503   5.719999914765359E-001
        5.650000084191561   5.883999912321569E-001
        5.700000084936619   5.867999912559987E-001
        5.750000085681677   5.907999911963942E-001
        5.800000086426735   6.327999905705454E-001
        5.850000087171793   6.235999907076361E-001
        5.900000087916851   6.203999907553197E-001
        5.950000088661909   6.399999904632570E-001
        6.000000089406967   6.251999906837942E-001
        6.050000090152025   6.351999905347826E-001
        6.100000090897083   6.175999907970430E-001
        6.150000091642141   6.195999907672407E-001
        6.200000092387199   6.483999903380873E-001
        6.250000093132258   6.407999904513361E-001
        6.300000093877316   6.083999909341337E-001
        6.350000094622374   6.099999909102918E-001
        6.400000095367432   6.443999903976919E-001
        6.450000096112490   6.491999903261663E-001
        6.500000096857548   6.099999909102918E-001
        6.550000097602606   6.135999908566476E-001
        6.600000098347664   6.211999907433988E-001
        6.650000099092722   6.363999905169011E-001
        6.700000099837780   6.459999903738500E-001
        6.750000100582838   6.411999904453756E-001
        6.800000101327896   6.515999902904035E-001
        6.850000102072954   6.535999902606012E-001
        6.900000102818012   6.607999901533128E-001
        6.950000103563070   6.675999900519849E-001
        7.000000104308128   6.831999898195268E-001
        7.050000105053186   6.643999900996687E-001
        7.100000105798245   6.735999899625780E-001
        7.150000106543303   6.691999900281431E-001
        7.200000107288361   6.391999904751780E-001
        7.250000108033419   6.187999907791616E-001
        7.300000108778477   6.271999906539918E-001
        7.350000109523535   6.191999907732011E-001
        7.400000110268593   6.439999904036523E-001
        7.450000111013651   6.147999908387662E-001
        7.500000111758709   6.203999907553197E-001
        7.550000112503767   6.515999902904035E-001
        7.600000113248825   6.447999903917314E-001
        7.650000113993883   6.683999900400640E-001
        7.700000114738941   6.563999902188780E-001
        7.750000115483999   6.375999904990197E-001
        7.800000116229057   6.583999901890756E-001
        7.850000116974115   6.791999898791314E-001
        7.900000117719173   6.635999901115895E-001
        7.950000118464232   6.611999901473523E-001
        8.000000119209290   6.367999905109407E-001
        8.050000119954348   6.163999908149244E-001
        8.100000120699406   6.591999901771547E-001
        8.150000121444464   6.207999907493593E-001
        8.200000122189522   6.663999900698663E-001
        8.250000122934580   6.171999908030035E-001
        8.300000123679638   6.227999907195569E-001
        8.350000124424696   6.123999908745290E-001
        8.400000125169754   5.975999910950662E-001
        8.450000125914812   6.207999907493593E-001
        8.500000126659870   6.027999910175802E-001
        8.550000127404928   6.051999909818174E-001
        8.600000128149986   6.207999907493593E-001
        8.650000128895044   6.191999907732011E-001
        8.700000129640102   6.251999906837942E-001
        8.750000130385160   6.127999908685685E-001
        8.800000131130219   5.899999912083150E-001
        8.850000131875277   5.975999910950662E-001
        8.900000132620335   6.003999910533430E-001
        8.950000133365393   5.915999911844732E-001
        9.000000134110451   5.679999915361406E-001
        9.050000134855509   5.855999912738802E-001
        9.100000135600567   5.503999917984010E-001
        9.150000136345625   5.511999917864801E-001
        9.200000137090683   5.723999914705754E-001
        9.250000137835741   5.527999917626382E-001
        9.300000138580799   5.535999917507173E-001
        9.350000139325857   5.475999918401242E-001
        9.400000140070915   5.687999915242197E-001
        9.450000140815973   5.255999921679498E-001
        9.500000141561031   5.075999924361707E-001
        9.550000142306089   5.187999922692776E-001
        9.600000143051148   4.875999927341939E-001
        9.650000143796206   5.083999924242497E-001
        9.700000144541264   5.159999923110009E-001
        9.750000145286322   4.663999930500986E-001
        9.800000146031380   4.883999927222730E-001
        9.850000146776438   5.071999924421312E-001
        9.900000147521496   5.135999923467637E-001
        9.950000148266554   5.183999922752381E-001
       10.000000149011610   4.843999927818776E-001
       10.050000149756670   4.755999929130079E-001
       10.100000150501730   4.475999933302404E-001
       10.150000151246790   4.519999932646752E-001
       10.200000151991840   4.131999938428403E-001
       10.250000152736900   4.179999937713147E-001
       10.300000153481960   4.135999938368798E-001
       10.350000154227020   4.319999935626985E-001
       10.400000154972080   3.995999940454961E-001
       10.450000155717130   4.103999938845636E-001
       10.500000156462190   3.979999940693380E-001
       10.550000157207250   3.811999943196774E-001
       10.600000157952310   3.839999942779542E-001
       10.650000158697370   3.791999943494798E-001
       10.700000159442430   3.683999945104123E-001
       10.750000160187480   3.519999947547913E-001
       10.800000160932540   3.711999944686891E-001
       10.850000161677600   3.479999948143960E-001
       10.900000162422660   3.759999943971635E-001
       10.950000163167720   3.411999949157239E-001
       11.000000163912770   3.283999951064587E-001
       11.050000164657830   3.395999949395657E-001
       11.100000165402890   3.295999950885774E-001
       11.150000166147950   3.059999954402448E-001
       11.200000166893010   3.067999954283238E-001
       11.250000167638060   3.103999953746797E-001
       11.300000168383120   3.175999952673913E-001
       11.350000169128180   2.955999955952168E-001
       11.400000169873240   2.687999959945679E-001
       11.450000170618300   3.083999954044819E-001
       11.500000171363350   2.703999959707261E-001
       11.550000172108410   2.607999961137772E-001
       11.600000172853470   2.515999962508679E-001
       11.650000173598530   2.687999959945679E-001
       11.700000174343590   2.507999962627888E-001
       11.750000175088640   2.403999964177609E-001
       11.800000175833700   2.467999963223935E-001
       11.850000176578760   2.443999963581563E-001
       11.900000177323820   2.231999966740609E-001
       11.950000178068880   2.359999964833260E-001
       12.000000178813930   2.279999966025353E-001
       12.050000179558990   2.295999965786934E-001
       12.100000180304050   2.279999966025353E-001
       12.150000181049110   2.035999969661236E-001
       12.200000181794170   2.023999969840050E-001
       12.250000182539230   2.079999969005585E-001
       12.300000183284280   2.039999969601632E-001
       12.350000184029340   1.935999971151352E-001
       12.400000184774400   2.019999969899655E-001
       12.450000185519460   1.767999973654748E-001
       12.500000186264520   2.003999970138073E-001
       12.550000187009570   1.791999973297120E-001
       12.600000187754630   1.967999970674515E-001
       12.650000188499690   1.735999974131585E-001
       12.700000189244750   1.727999974250794E-001
       12.750000189989810   1.679999974966050E-001
       12.800000190734860   1.675999975025654E-001
       12.850000191479920   1.615999975919724E-001
       12.900000192224980   1.827999972760678E-001
       12.950000192970040   1.711999974489213E-001
       13.000000193715100   1.611999975979329E-001
       13.050000194460150   1.595999976217747E-001
       13.100000195205210   1.647999975442887E-001
       13.150000195950270   1.571999976575375E-001
       13.200000196695330   1.507999977529049E-001
       13.250000197440390   1.431999978661538E-001
       13.300000198185440   1.631999975681305E-001
       13.350000198930500   1.619999975860119E-001
       13.400000199675560   1.523999977290631E-001
       13.450000200420620   1.355999979794026E-001
       13.500000201165680   1.255999981284142E-001
       13.550000201910730   1.411999978959561E-001
       13.600000202655790   1.335999980092049E-001
       13.650000203400850   1.315999980390072E-001
       13.700000204145910   1.207999981999398E-001
       13.750000204890970   1.123999983251095E-001
       13.800000205636020   1.219999981820584E-001
       13.850000206381080   1.187999982297421E-001
       13.900000207126140   1.119999983310700E-001
       13.950000207871200   1.095999983668328E-001
       14.000000208616260   1.159999982714653E-001
       14.050000209361320   1.175999982476235E-001
       14.100000210106370   1.303999980568886E-001
       14.150000210851430   1.111999983429909E-001
       14.200000211596490   1.139999983012677E-001
       14.250000212341550   9.359999860525134E-002
       14.300000213086610   1.007999984979630E-001
       14.350000213831660   1.083999983847142E-001
       14.400000214576720   9.599999856948854E-002
       14.450000215321780   8.879999867677690E-002
       14.500000216066840   7.679999885559084E-002
       14.550000216811900   8.359999875426294E-002
       14.600000217556950   7.679999885559084E-002
       14.650000218302010   8.359999875426294E-002
       14.700000219047070   7.199999892711641E-002
       14.750000219792130   8.559999872446063E-002
       14.800000220537190   9.359999860525134E-002
       14.850000221282240   7.679999885559084E-002
       14.900000222027300   8.879999867677690E-002
       14.950000222772360   8.239999877214434E-002
       15.000000223517420   8.679999870657923E-002
       15.050000224262480   6.839999898076059E-002
       15.100000225007530   8.359999875426294E-002
       15.150000225752590   7.559999887347223E-002
       15.200000226497650   6.759999899268152E-002
       15.250000227242710   6.639999901056291E-002
       15.300000227987770   6.559999902248384E-002
       15.350000228732820   6.079999909400941E-002
       15.400000229477880   5.839999912977220E-002
       15.450000230222940   5.199999922513963E-002
       15.500000230968000   6.239999907016756E-002
       15.550000231713060   5.279999921321870E-002
       15.600000232458120   5.199999922513963E-002
       15.650000233203170   5.919999911785127E-002
       15.700000233948230   6.559999902248384E-002
       15.750000234693290   5.759999914169313E-002
       15.800000235438350   5.879999912381174E-002
       15.850000236183410   6.199999907612802E-002
       15.900000236928460   6.719999899864199E-002
       15.950000237673520   5.999999910593034E-002
       16.000000238418580   5.839999912977220E-002
       16.050000239163640   5.839999912977220E-002
       16.100000239908700   6.119999908804895E-002
       16.150000240653750   5.439999918937685E-002
       16.200000241398810   5.839999912977220E-002
       16.250000242143870   5.919999911785127E-002
       16.300000242888930   5.199999922513963E-002
       16.350000243633990   4.719999929666520E-002
       16.400000244379040   5.519999917745592E-002
       16.450000245124100   4.599999931454660E-002
       16.500000245869160   4.919999926686288E-002
       16.550000246614220   5.319999920725824E-002
       16.600000247359280   3.719999944567681E-002
       16.650000248104330   4.679999930262567E-002
       16.700000248849390   5.199999922513963E-002
       16.750000249594450   4.279999936223031E-002
       16.800000250339510   5.279999921321870E-002
       16.850000251084570   6.439999904036524E-002
       16.900000251829620   4.199999937415124E-002
       16.950000252574680   5.799999913573267E-002
       17.000000253319740   6.319999905824662E-002
       17.050000254064800   5.959999911189080E-002
       17.100000254809860   6.759999899268152E-002
       17.150000255554910   5.719999914765359E-002
       17.200000256299970   5.639999915957452E-002
       17.250000257045030   6.239999907016756E-002
       17.300000257790090   6.799999898672106E-002
       17.350000258535150   5.679999915361406E-002
       17.400000259280210   5.279999921321870E-002
       17.450000260025260   6.279999906420709E-002
       17.500000260770320   5.959999911189080E-002
       17.550000261515380   5.719999914765359E-002
       17.600000262260440   5.279999921321870E-002
       17.650000263005500   6.039999909996988E-002
       17.700000263750550   6.759999899268152E-002
       17.750000264495610   6.079999909400941E-002
       17.800000265240670   6.599999901652337E-002
       17.850000265985730   7.039999895095826E-002
       17.900000266730790   6.639999901056291E-002
       17.950000267475840   7.519999887943270E-002
       18.000000268220900   6.439999904036524E-002
       18.050000268965960   6.599999901652337E-002
       18.100000269711020   6.759999899268152E-002
       18.150000270456080   6.039999909996988E-002
       18.200000271201130   7.119999893903733E-002
       18.250000271946190   6.759999899268152E-002
       18.300000272691250   7.599999886751177E-002
       18.350000273436310   7.839999883174897E-002
       18.400000274181370   7.639999886155130E-002
       18.450000274926420   8.359999875426294E-002
       18.500000275671480   7.999999880790712E-002
       18.550000276416540   8.479999873638155E-002
       18.600000277161600   7.359999890327455E-002
       18.650000277906660   8.999999865889552E-002
       18.700000278651710   8.959999866485598E-002
       18.750000279396770   9.239999862313272E-002
       18.800000280141830   9.599999856948854E-002
       18.850000280886890   9.559999857544901E-002
       18.900000281631950   1.023999984741211E-001
       18.950000282377010   1.119999983310700E-001
       19.000000283122060   9.199999862909319E-002
       19.050000283867120   9.999999850988391E-002
       19.100000284612180   9.319999861121180E-002
       19.150000285357240   1.055999984264374E-001
       19.200000286102300   9.599999856948854E-002
       19.250000286847350   1.139999983012677E-001
       19.300000287592410   1.007999984979630E-001
       19.350000288337470   1.151999982833863E-001
       19.400000289082530   1.159999982714653E-001
       19.450000289827590   1.207999981999398E-001
       19.500000290572640   1.263999981164933E-001
       19.550000291317700   1.163999982655049E-001
       19.600000292062760   1.359999979734421E-001
       19.650000292807820   1.291999980747700E-001
       19.700000293552880   1.347999979913235E-001
       19.750000294297930   1.359999979734421E-001
       19.800000295042990   1.415999978899956E-001
       19.850000295788050   1.427999978721142E-001
       19.900000296533110   1.455999978303910E-001
       19.950000297278170   1.623999975800515E-001
       20.000000298023220   1.459999978244305E-001
       20.050000298768280   1.575999976515770E-001
       20.100000299513340   1.659999975264073E-001
       20.150000300258400   1.675999975025654E-001
       20.200000301003460   1.651999975383282E-001
       20.250000301748510   1.815999972939492E-001
       20.300000302493570   1.855999972343445E-001
       20.350000303238630   1.931999971210957E-001
       20.400000303983690   2.055999969363213E-001
       20.450000304728750   2.063999969244004E-001
       20.500000305473800   1.931999971210957E-001
       20.550000306218860   1.831999972701073E-001
       20.600000306963920   1.923999971330166E-001
       20.650000307708980   2.135999968171120E-001
       20.700000308454040   2.119999968409539E-001
       20.750000309199100   2.367999964714051E-001
       20.800000309944150   2.227999966800213E-001
       20.850000310689210   2.379999964535237E-001
       20.900000311434270   2.607999961137772E-001
       20.950000312179330   2.379999964535237E-001
       21.000000312924390   2.599999961256981E-001
       21.050000313669440   2.559999961853028E-001
       21.100000314414500   2.483999962985516E-001
       21.150000315159560   2.691999959886074E-001
       21.200000315904620   2.503999962687493E-001
       21.250000316649680   2.903999956727029E-001
       21.300000317394730   3.139999953210355E-001
       21.350000318139790   2.911999956607819E-001
       21.400000318884850   3.055999954462052E-001
       21.450000319629910   3.267999951303006E-001
       21.500000320374970   2.975999955654145E-001
       21.550000321120020   2.983999955534936E-001
       21.600000321865080   3.151999953031541E-001
       21.650000322610140   3.315999950587750E-001
       21.700000323355200   3.563999946892262E-001
       21.750000324100260   3.595999946415425E-001
       21.800000324845310   3.511999947667123E-001
       21.850000325590370   3.287999951004983E-001
       21.900000326335430   3.755999944031239E-001
       21.950000327080490   3.971999940812589E-001
       22.000000327825550   3.699999944865705E-001
       22.050000328570600   3.811999943196774E-001
       22.100000329315660   3.955999941051007E-001
       22.150000330060720   3.811999943196774E-001
       22.200000330805780   3.863999942421914E-001
       22.250000331550840   3.903999941825868E-001
       22.300000332295900   3.943999941229821E-001
       22.350000333040950   4.083999939143659E-001
       22.400000333786010   3.951999941110612E-001
       22.450000334531070   4.087999939084054E-001
       22.500000335276130   4.055999939560891E-001
       22.550000336021190   4.339999935328961E-001
       22.600000336766240   4.103999938845636E-001
       22.650000337511300   4.231999936938287E-001
       22.700000338256360   4.483999933183194E-001
       22.750000339001420   4.375999934792519E-001
       22.800000339746480   4.815999928236009E-001
       22.850000340491530   4.563999931991101E-001
       22.900000341236590   4.575999931812287E-001
       22.950000341981650   4.595999931514264E-001
       23.000000342726710   4.679999930262567E-001
       23.050000343471770   4.475999933302404E-001
       23.100000344216820   4.891999927103520E-001
       23.150000344961880   4.715999929726125E-001
       23.200000345706940   4.547999932229520E-001
       23.250000346452000   4.875999927341939E-001
       23.300000347197060   4.887999927163125E-001
       23.350000347942110   4.967999925971032E-001
       23.400000348687170   4.915999926745893E-001
       23.450000349432230   5.215999922275545E-001
       23.500000350177290   5.067999924480916E-001
       23.550000350922350   4.859999927580358E-001
       23.600000351667400   5.215999922275545E-001
       23.650000352412460   4.943999926328660E-001
       23.700000353157520   5.343999920368195E-001
       23.750000353902580   5.223999922156335E-001
       23.800000354647640   5.255999921679498E-001
       23.850000355392690   5.227999922096730E-001
       23.900000356137750   5.435999918997289E-001
       23.950000356882810   5.015999925255776E-001
       24.000000357627870   5.503999917984010E-001
       24.050000358372930   5.311999920845033E-001
       24.100000359117990   5.399999919533731E-001
       24.150000359863040   5.463999918580057E-001
       24.200000360608100   5.371999919950963E-001
       24.250000361353160   5.151999923229219E-001
       24.300000362098220   5.415999919295312E-001
       24.350000362843280   5.499999918043614E-001
       24.400000363588330   5.259999921619893E-001
       24.450000364333390   5.327999920606614E-001
       24.500000365078450   5.347999920308592E-001
       24.550000365823510   5.367999920010568E-001
       24.600000366568570   5.199999922513963E-001
       24.650000367313620   5.523999917685987E-001
       24.700000368058680   5.447999918818475E-001
       24.750000368803740   5.579999916851521E-001
       24.800000369548800   5.611999916374685E-001
       24.850000370293860   5.607999916434290E-001
       24.900000371038910   5.575999916911126E-001
       24.950000371783970   5.755999914228918E-001
       25.000000372529030   5.443999918878080E-001
       25.050000373274090   5.555999917209150E-001
       25.100000374019150   5.547999917328359E-001
       25.150000374764200   5.275999921381475E-001
       25.200000375509260   5.475999918401242E-001
       25.250000376254320   5.447999918818475E-001
       25.300000376999380   5.851999912798406E-001
       25.350000377744440   5.767999914050104E-001
       25.400000378489490   5.459999918639661E-001
       25.450000379234550   5.251999921739102E-001
       25.500000379979610   5.655999915719033E-001
       25.550000380724670   5.287999921202661E-001
       25.600000381469730   5.335999920487405E-001
       25.650000382214790   5.327999920606614E-001
       25.700000382959840   5.399999919533731E-001
       25.750000383704900   5.143999923348428E-001
       25.800000384449960   5.507999917924406E-001
       25.850000385195020   5.491999918162824E-001
       25.900000385940080   5.639999915957452E-001
       25.950000386685130   5.771999913990499E-001
       26.000000387430190   5.523999917685987E-001
       26.050000388175250   5.131999923527242E-001
       26.100000388920310   5.187999922692776E-001
       26.150000389665370   5.059999924600126E-001
       26.200000390410420   5.107999923884870E-001
       26.250000391155480   5.327999920606614E-001
       26.300000391900540   5.051999924719335E-001
       26.350000392645600   5.099999924004079E-001
       26.400000393390660   5.319999920725824E-001
       26.450000394135710   4.923999926626683E-001
       26.500000394880770   4.991999925613405E-001
       26.550000395625830   4.791999928593637E-001
       26.600000396370890   5.159999923110009E-001
       26.650000397115950   5.019999925196172E-001
       26.700000397861000   4.887999927163125E-001
       26.750000398606060   4.895999927043916E-001
       26.800000399351120   4.811999928295613E-001
       26.850000400096180   4.951999926209451E-001
       26.900000400841240   5.259999921619893E-001
       26.950000401586290   4.707999929845334E-001
       27.000000402331350   4.819999928176404E-001
       27.050000403076410   4.483999933183194E-001
       27.100000403821470   4.363999934971334E-001
       27.150000404566530   4.291999936044217E-001
       27.200000405311580   4.219999937117101E-001
       27.250000406056640   4.347999935209752E-001
       27.300000406801700   4.223999937057496E-001
       27.350000407546760   4.163999937951566E-001
       27.400000408291820   4.143999938249589E-001
       27.450000409036880   3.999999940395356E-001
       27.500000409781930   4.119999938607217E-001
       27.550000410526990   3.871999942302705E-001
       27.600000411272050   4.063999939441682E-001
       27.650000412017110   3.991999940514566E-001
       27.700000412762170   4.063999939441682E-001
       27.750000413507220   3.767999943852425E-001
       27.800000414252280   3.839999942779542E-001
       27.850000414997340   3.875999942243100E-001
       27.900000415742400   3.443999948680402E-001
       27.950000416487460   3.635999945819379E-001
       28.000000417232510   3.359999949932099E-001
       28.050000417977570   3.111999953627587E-001
       28.100000418722630   3.363999949872494E-001
       28.150000419467690   3.351999950051309E-001
       28.200000420212750   3.091999953925610E-001
       28.250000420957800   3.163999952852727E-001
       28.300000421702860   3.003999955236912E-001
       28.350000422447920   2.899999956786633E-001
       28.400000423192980   2.883999957025052E-001
       28.450000423938040   2.879999957084656E-001
       28.500000424683090   2.811999958097936E-001
       28.550000425428150   2.751999958992005E-001
       28.600000426173210   2.579999961555005E-001
       28.650000426918270   2.683999960005284E-001
       28.700000427663330   2.659999960362912E-001
       28.750000428408380   2.531999962270261E-001
       28.800000429153440   2.407999964118004E-001
       28.850000429898500   2.347999965012074E-001
       28.900000430643560   2.319999965429307E-001
       28.950000431388620   2.303999965667725E-001
       29.000000432133680   2.079999969005585E-001
       29.050000432878730   2.235999966681004E-001
       29.100000433623790   2.031999969720841E-001
       29.150000434368850   2.251999966442586E-001
       29.200000435113910   2.115999968469143E-001
       29.250000435858970   2.099999968707562E-001
       29.300000436604020   1.979999970495701E-001
       29.350000437349080   1.831999972701073E-001
       29.400000438094140   1.779999973475933E-001
       29.450000438839200   1.719999974370003E-001
       29.500000439584260   1.703999974608422E-001
       29.550000440329310   1.979999970495701E-001
       29.600000441074370   1.771999973595143E-001
       29.650000441819430   1.851999972403050E-001
       29.700000442564490   1.799999973177910E-001
       29.750000443309550   1.739999974071980E-001
       29.800000444054600   1.823999972820282E-001
       29.850000444799660   1.763999973714352E-001
       29.900000445544720   1.911999971508980E-001
